[54.84306884274331,83.05634952253406],
[54.84153407807578,83.03581935940885],
[54.840023624994465,83.01431045765584],
[54.84188161943492,83.0024145930127],
[54.85149021194751,82.98104275158164],
[54.84786249541523,82.97388661792985],
[54.84728673552813,82.96816278389201],
[54.84848467826445,82.96495754411919],
[54.842550333005555,82.9493926852058],
[54.839256191829406,82.9354237406561],
[54.84408585539303,82.9326986162969],
[54.86303976816581,82.94875968387807],
[54.865524407200446,82.93311972311216],
[54.873453801694744,82.93533254554944],
[54.87534387869868,82.94303853204923],
[54.87584809042809,82.98336018017011],
[54.89418100688593,82.98215855053138],
[54.90314648700607,82.9654215662784],
[54.90189144048005,82.92443741253086],
[54.91451739572074,82.92317140987582],
[54.91450039894168,82.86056865146823],
[54.8978663710481,82.84809101513093],
[54.91343626358206,82.7978185184982],
[54.932876378344794,82.80929837308183],
[54.94361197666532,82.8248981007124],
[54.97080252617654,82.7672198780562],
[54.96717324929047,82.74147067151331],
[54.96544490641759,82.69031558118057],
[54.97685676005682,82.68945727429588],
[54.97681356285991,82.66422305188394],
[54.98146624994629,82.661476469853],
[54.999454834395074,82.66902957043945],
[54.99849268717271,82.6856378086596],
[55.00798979235196,82.70636591992664],
[55.02112167714921,82.71421942792192],
[55.02951642111642,82.7316859730266],
[55.05416038050272,82.75571856580022],
[55.06834838983901,82.75400195203096],
[55.10193563248594,82.75594198982434],
[55.10134494886453,82.77996939632749],
[55.08618392563652,82.80022025253756],
[55.099376210329076,82.80502677109293],
[55.10497834407678,82.8078913703208],
[55.125932131231764,82.82219827320621],
[55.13999216067705,82.83496022369906],
[55.157729145431965,82.8482103362326],
[55.14872649090869,82.89373278763335],
[55.15292096127003,82.91909575607814],
[55.185085289983576,82.92553305771374],
[55.198572695421184,82.93481077262086],
[55.200275202746575,82.977047471903],
[55.19661073754022,82.99697619273294],
[55.16096992148841,83.01301053037461],
[55.15343093616846,83.01186927347642],
[55.15532797328772,82.99836839743762],
[55.121824595394756,83.0118183575805],
[55.12873986584527,83.04294943954946],
[55.11831223996677,83.05166125443023],
[55.11208640209515,83.04869703630452],
[55.107631065813294,83.05517419391127],
[55.090305466914685,83.07316660174331],
[55.07312118604665,83.05668710955578],
[55.06873776150439,83.05479883440933],
[55.06361494643057,83.05067896136241],
[55.06174298432482,83.03411363848652],
[55.041145596740584,83.03763269671407],
[55.03956832468436,83.02647470721203],
[55.02458112890747,83.03042291888201],
[55.01256104559947,83.04689841732782],
[55.010551038002156,83.07445006832882],
[54.99472640210213,83.06904273495473],
[55.000968199835796,83.09187369808949],
[54.990753841176314,83.09805350765981],
[54.991642149959965,83.12002616390983],
[54.978895495404394,83.14067917332449],
[54.97271813717107,83.1568421648482],
[54.96160142552715,83.165452055786],
[54.96770025963661,83.18684535488882],
[54.971008549739366,83.20096450314315],
[54.96814467272026,83.21512656674174],
[54.9468072727124,83.2346959637144],
[54.93961815561643,83.21115689739982],
[54.92722563305669,83.20453720555102],
[54.92570564791606,83.19568591580182],
[54.92296211409536,83.18536477551257],
[54.92872084670478,83.17487197384636],
[54.92844899382551,83.1656022594909],
[54.92282616834258,83.15959411129752],
[54.914730385051655,83.16148238644404],
[54.90102562582681,83.13332992062364],
[54.891867963569446,83.13882308468614],
[54.88245460123149,83.13813643917834],
[54.877877003962645,83.12749343380726],
[54.873608233227586,83.1180520580748],
[54.86815096936067,83.1154771374206],
[54.85768275987847,83.12417240956728],
[54.84364563331617,83.12771784040547],
[54.837756636622146,83.12210576018725],
[54.832483204132096,83.11414987876947],
[54.82443402477649,83.1020741243049],
[54.82716534060976,83.08684900697733],
[54.837693239843766,83.06844015786137],
[54.84385977442994,83.0637642189017],
[54.84306884274331,83.05634952253406],
